$ 1 0.0001 10.20027730826997 50 5 50 5e-11
409 528 352 624 352 1 0.6 0.001 0.0231 0
w 624 352 656 352 0
w 656 352 656 256 0
w 528 336 528 256 0
r 528 256 656 256 0 10000000
w 528 368 512 368 0
w 512 368 512 416 0
w 656 352 720 352 0
w 720 352 720 512 0
w 720 512 256 512 0
w 256 512 208 512 0
w 208 512 208 336 0
c 208 336 304 336 0 2.1999999999999998e-7 0.001 0.001
c 304 336 384 336 0 2.1999999999999998e-7 0.001 0.001
c 384 336 464 336 0 2.1999999999999998e-7 0.001 0.001
r 384 336 384 432 0 33000
w 464 336 528 336 0
R 576 320 576 288 0 0 40 9 0 0 0.5
g 576 384 576 432 0 0
r 144 112 224 112 0 470000
w 224 112 224 160 0
r 224 112 304 112 0 470000
207 224 160 224 192 4 Vg
207 304 432 304 464 4 Vg
207 384 432 384 464 4 Vg
207 464 432 464 464 4 Vg
207 512 416 512 464 4 Vg
R 144 112 80 112 0 0 40 9 0 0 0.5
g 304 112 352 112 0 0
209 768 352 832 352 0 0.000022 0.001 0.001 1
r 832 352 928 352 0 10000
r 928 352 928 496 0 10000
g 928 496 928 512 0 0
w 928 352 992 352 0
174 1024 304 1008 384 1 1000 0.005 Resistance
g 1024 496 1024 512 0 0
r 1024 304 1024 192 0 5600
w 992 352 1008 352 0
v 944 128 1024 128 0 1 100 0.3 0 0 0.5
r 944 128 944 224 0 1000000
g 944 224 944 256 0 0
t 1072 192 1104 192 0 1 0 0 100 default
w 1024 192 1072 192 0
w 1104 176 1104 128 0
w 1104 208 1104 256 0
g 1104 256 1104 304 0 0
w 1024 128 1104 128 0
O 1200 128 1232 128 0 0
174 304 352 304 416 1 500000 0.9851000000000001 Resistance
w 464 416 464 432 0
r 464 352 464 416 0 33000
w 304 432 336 432 0
w 336 432 336 384 0
w 336 384 320 384 0
w 304 352 304 336 0
r 1024 400 1024 496 0 330
w 720 352 736 352 0
r 752 352 752 464 0 4700
162 752 464 752 544 2 default-led 1 0 0 0.01
g 752 544 752 576 0 0
w 736 352 752 352 0
w 752 352 768 352 0
209 1104 128 1200 128 0 0.0000047 0.001 0.001 1
x 240 297 270 300 4 24 C1
x 326 295 356 298 4 24 C2
x 406 296 436 299 4 24 C3
x 234 395 284 398 4 24 Rate
x 396 426 426 429 4 24 R1
x 474 428 504 431 4 24 R2
w 464 336 464 352 0
x 577 220 607 223 4 24 R3
x 1124 199 1208 202 4 24 2N3904
x 590 398 676 401 4 24 LM3508
x 790 421 820 424 4 24 R4
x 780 512 826 515 4 24 LED
x 864 319 894 322 4 24 R5
x 880 434 910 437 4 24 R6
x 1046 360 1110 363 4 24 Depth
x 1060 457 1090 460 4 24 R7
x 977 253 1007 256 4 24 R8
x 785 310 815 313 4 24 C4
x 963 87 1023 90 4 24 guitar
x 893 183 923 186 4 24 R9
x 1139 88 1169 91 4 24 C5
x 157 157 201 160 4 24 R10
x 244 156 286 159 4 24 R11
